           0         1         2         3         4         5         6  \
0   0.006664  0.028872  0.026490  0.055782  0.036581  0.239679  0.277432   
1   0.010917  0.050660  0.049325  0.092338  0.031468  0.432503  0.256174   
2   0.002552  0.021456  0.011757  0.040950  0.016015  0.159902  0.250161   
3   0.007231  0.037169  0.060814  0.088549  0.032246  0.360739  0.211510   
4   0.001843  0.021312  0.018678  0.082705  0.021977  0.155199  0.588362   
5   0.006522  0.023692  0.019592  0.062996  0.017686  0.232015  0.186171   
6   0.000992  0.015237  0.011401  0.049051  0.016562  0.194391  0.208503   
7   0.086630  0.024515  0.017173  0.055217  0.020148  0.231493  0.196693   
8   0.002977  0.054715  0.043117  0.146387  0.022208  0.758753  0.301267   
9   0.004821  0.049766  0.044432  0.578614  0.035602  0.391395  0.259180   
10  0.003828  0.020114  0.009540  0.049293  0.020840  0.079254  0.211080   
11  0.005530  0.020316  0.020115  0.065858  0.014949  0.192824  0.215804   
12  0.005955  0.033663  0.028329  0.080408  0.032952  0.369274  0.265836   
13  0.023394  0.046649  0.052980  0.088670  0.075697  0.457412  0.300193   
14  0.001985  0.225900  0.089790  0.106284  0.037661  0.429542  1.000000   
15  0.006097  0.020778  0.017953  0.090363  0.014013  0.347849  0.033498   
16  0.000851  0.013895  0.011679  0.040829  0.011752  0.200836  0.102856   
17  0.013328  0.035971  0.028240  0.074604  0.051991  0.489984  0.091260   
18  0.015029  0.038410  0.032463  0.100601  0.023706  0.313012  0.223749   
19  0.006806  0.034817  0.032229  0.124662  0.036394  0.375370  0.325961   
20  0.006238  0.032220  0.044109  0.105598  0.023173  0.260233  0.318660   
21  0.071317  0.111536  0.086435  0.121761  0.263138  0.364745  0.146231   
22  0.037856  0.032436  0.064838  0.142800  0.048621  0.371712  0.192828   
23  0.004962  0.030734  0.024740  0.104913  0.049125  0.255530  0.282800   
24  0.016022  0.039925  0.033266  0.086534  0.037315  0.351681  0.305347   
25  0.021693  0.071063  0.140218  0.141066  0.041146  0.460024  0.320807   
26  0.007656  0.034110  0.020851  0.068800  0.030100  0.275562  0.300193   
27  0.015171  0.216997  0.053136  0.162226  0.054943  0.514370  0.286236   
28  0.011626  0.101392  0.819162  0.154851  0.053258  0.557394  0.299549   
29  0.004395  0.091148  0.081565  0.102575  0.025823  0.333391  0.299764   
..       ...       ...       ...       ...       ...       ...       ...   
59  0.002836  0.210086  0.054039  0.086655  0.130784  0.778436  0.536826   
60  0.008082  0.033475  0.036174  0.136996  0.030100  0.311270  0.186171   
61  0.008932  0.072549  0.034001  0.074402  0.198934  0.504790  0.274211   
62  0.000284  0.221066  0.063968  0.064084  0.041377  0.439819  0.998497   
63  0.010917  0.094784  0.042348  0.154770  0.039087  0.464553  0.227614   
64  0.003686  0.029248  0.018522  0.062714  0.028415  0.312489  0.232124   
65  0.002410  0.291090  0.266126  0.073879  0.036264  0.404285  0.325531   
66  0.011343  0.039896  1.000000  0.071984  0.028790  0.311096  0.421516   
67  0.002552  0.031585  0.020773  0.074886  0.056196  0.404808  0.102856   
68  0.001843  0.054715  0.440356  0.089396  0.014589  0.302212  0.173717   
69  0.009925  0.460602  0.271720  0.347749  0.093886  1.000000  0.576981   
70  0.012619  0.035524  0.026512  0.064004  0.029265  0.312663  0.103715   
71  0.010208  0.157795  0.108200  1.000000  0.032534  0.425884  0.336483   
72  0.005530  0.036895  0.044276  0.114707  0.033125  0.390698  0.319948   
73  0.001418  0.043244  0.028006  0.072911  0.071779  0.581083  0.815976   
74  0.001560  0.039434  0.025732  0.078957  0.051473  0.555130  0.298261   
75  0.012193  0.086935  0.037868  0.333763  0.043840  0.516635  0.514280   
76  0.004254  0.130063  0.074388  0.405909  0.445208  0.700575  0.409491   
77  0.051467  0.208354  0.123590  0.309621  0.067531  0.544156  0.467039   
78  0.004537  0.015309  0.015981  0.099150  0.009088  0.139871  0.025123   
79  0.002552  0.039261  0.028596  0.117569  0.150184  0.354990  0.133777   
80  0.012902  0.095722  0.063567  0.086494  0.032980  0.352378  0.369336   
81  0.009500  0.166279  0.827007  0.489057  0.027119  0.293677  0.196264   
82  0.002410  0.047789  0.027081  0.067591  0.022208  0.423620  0.140434   
83  0.002552  0.034125  0.065228  0.063198  0.033081  0.412820  0.299120   
84  0.001134  0.029248  0.022824  0.074806  0.028314  0.336004  0.247799   
85  0.002269  0.037862  0.026434  0.085285  0.039404  0.421878  0.115740   
86  0.002410  0.066590  0.053637  0.167265  0.064348  0.711200  0.213013   
87  1.000000  0.087324  0.078957  0.144251  0.038064  0.370319  0.256388   
88  0.833404  0.090167  0.085622  0.160090  0.044560  0.413865  0.265407   

        7  
0    1.07  
1    2.08  
2    0.79  
3    2.10  
4    0.33  
5    1.54  
6    1.15  
7    1.45  
8    3.10  
9    1.86  
10   0.46  
11   1.10  
12   1.71  
13   1.88  
14   0.53  
15  12.79  
16   2.41  
17   6.62  
18   1.72  
19   1.42  
20   1.01  
21   3.08  
22   2.37  
23   1.11  
24   1.42  
25   1.77  
26   1.13  
27   2.22  
28   2.29  
29   1.37  
..    ...  
59   1.79  
60   2.06  
61   2.27  
62   0.54  
63   2.52  
64   1.66  
65   1.53  
66   0.91  
67   4.85  
68   2.14  
69   2.14  
70   3.72  
71   1.56  
72   1.51  
73   0.88  
74   2.29  
75   1.24  
76   2.11  
77   1.44  
78   6.89  
79   3.27  
80   1.18  
81   1.84  
82   3.72  
83   1.70  
84   1.67  
85   4.49  
86   4.11  
87   1.78  
88   1.92  

[89 rows x 8 columns]
               0          1          2          3          4          5  \
count  89.000000  89.000000  89.000000  89.000000  89.000000  89.000000   
mean    0.031438   0.104450   0.092999   0.136034   0.062705   0.398384   
std     0.136306   0.152933   0.179544   0.134543   0.117023   0.167647   
min     0.000284   0.013895   0.009540   0.040829   0.009088   0.079254   
25%     0.002977   0.032436   0.026434   0.072911   0.024843   0.294025   
50%     0.006522   0.047789   0.042348   0.091693   0.036264   0.370319   
75%     0.012902   0.111536   0.075302   0.141066   0.051473   0.464553   
max     1.000000   1.000000   1.000000   1.000000   1.000000   1.000000   

               6          7  
count  89.000000  89.000000  
mean    0.277586   2.834944  
std     0.175866   4.179771  
min     0.011381   0.330000  
25%     0.186171   1.280000  
50%     0.256388   1.790000  
75%     0.319948   2.520000  
max     1.000000  35.900000  
Regression
================================
Regression TrainSet: RMSE 3.2055735218050295e-17
================================
Regression Testset: RMSE 0.0172949552864574
================================
================================
================================
Decision Tree
================================
Decision Tree TrainSet: RMSE 0.0
================================
Decision Tree TestSet: RMSE 0.019353964611111107
================================
================================
================================
================================
Random Forest Regressor
================================
Random Forest Regressor TrainSet: RMSE 0.0034146526897887316
================================
Random Forest Regressor TestSet: RMSE 0.015487042544444444
================================
================================
================================
================================
Gradient Boosting Regressor
================================
Gradient Boosting Regressor TrainSet: RMSE 9.773090005503139e-19
================================
Gradient Boosting Regressor TestSet: RMSE 0.020444086502911036
================================
================================
================================
================================
Neural Network
================================
C:\Users\graez\Anaconda3\lib\site-packages\sklearn\ensemble\forest.py:245: FutureWarning: The default value of n_estimators will change from 10 in version 0.20 to 100 in 0.22.
  "10 in version 0.20 to 100 in 0.22.", FutureWarning)
Neural Network TrainSet: RMSE 0.010641772134066406
==================================
Neural Network TestSet: RMSE 0.02681777040576087
================================
================================
================================